# run_id=full_20260816_190623_trial_048_5284852a_N07
# run_started_epoch=1786974451
# control_revision=unavailable
id	name	description
N07	nexmark_q20_lateq_deep_hashmap	NexMark forl0_no_full_gc_lateq_deep q20, HashMap high-pressure comparison, isolated cluster
